Hyperparameter: n_nodes = [11, 11], activations = [Sigmoid(), Sigmoid()], lr = 1
loss = 0.00044082774547860026, E_MAE = 0.0016783743631094694, F_MAE = 0.019822759553790092.
v_loss = 0.0003766865120269358, v_E_MAE = 0.00151764415204525, v_F_MAE = 0.019507167860865593.
test_loss = 0.00046919554006308317, test_E_MAE = 0.0017274434212595224, test_F_MAE = 0.020220424979925156.
