Hyperparameter: n_nodes = [11, 11], activations = [Sigmoid(), Sigmoid()], lr = 1
loss = 0.0005009565502405167, E_MAE = 0.001902538351714611, F_MAE = 0.019443435594439507.
v_loss = 0.000386706116842106, v_E_MAE = 0.0017556138336658478, v_F_MAE = 0.01922253705561161.
test_loss = 0.0005164125468581915, test_E_MAE = 0.00215134141035378, test_F_MAE = 0.01977510191500187.
